1	36.665689 117.117739
2	36.666398 117.132939
3	36.665269 117.141455
4	36.667382 117.148533
5	36.673085 117.167146
6	36.676283 117.141832
7	36.676341 117.139389
8	36.678223 117.143162
9	36.677687 117.137574
10	36.680032 117.142281
11	36.679699 117.137628
12	36.680828 117.140233
13	36.679844 117.133639
14	36.683852 117.142155
15	36.68132  117.13664
16	36.68242  117.139155
17	36.682014 117.137933
18	36.683823 117.130729
19	36.68582  117.135041
20	36.687716 117.139209
21	36.666161 117.126075
22	36.665929 117.135418
23	36.666277 117.145335
24	36.669113 117.154534
25	36.668824 117.147491
26	36.671371 117.145479
27	36.674671 117.142891
28	36.677326 117.142857
29	36.679221 117.142875
30	36.680408 117.141293
31	36.676124 117.140903
32	36.676775 117.138477
33	36.6787   117.137543
34	36.678931 117.13465
35	36.682564 117.142681
36	36.680552 117.135136
37	36.683085 117.140561
38	36.68404  117.136447
39	36.685892 117.140597
40	36.681826 117.132171
41	36.684879 117.133087
42	36.686905 117.137345









